{
 "cells": [
  {
   "cell_type": "code",
   "execution_count": 12,
   "metadata": {},
   "outputs": [],
   "source": [
    "import numpy as np\n",
    "import pandas as pd \n",
    "import matplotlib.pyplot as plt\n",
    "import seaborn as sns\n",
    "%matplotlib inline"
   ]
  },
  {
   "cell_type": "code",
   "execution_count": 13,
   "metadata": {},
   "outputs": [],
   "source": [
    "wine=pd.read_csv('Wine.csv')"
   ]
  },
  {
   "cell_type": "code",
   "execution_count": 14,
   "metadata": {},
   "outputs": [
    {
     "data": {
      "text/html": [
       "<div>\n",
       "<style scoped>\n",
       "    .dataframe tbody tr th:only-of-type {\n",
       "        vertical-align: middle;\n",
       "    }\n",
       "\n",
       "    .dataframe tbody tr th {\n",
       "        vertical-align: top;\n",
       "    }\n",
       "\n",
       "    .dataframe thead th {\n",
       "        text-align: right;\n",
       "    }\n",
       "</style>\n",
       "<table border=\"1\" class=\"dataframe\">\n",
       "  <thead>\n",
       "    <tr style=\"text-align: right;\">\n",
       "      <th></th>\n",
       "      <th>Alcohol</th>\n",
       "      <th>Malic_Acid</th>\n",
       "      <th>Ash</th>\n",
       "      <th>Ash_Alcanity</th>\n",
       "      <th>Magnesium</th>\n",
       "      <th>Total_Phenols</th>\n",
       "      <th>Flavanoids</th>\n",
       "      <th>Nonflavanoid_Phenols</th>\n",
       "      <th>Proanthocyanins</th>\n",
       "      <th>Color_Intensity</th>\n",
       "      <th>Hue</th>\n",
       "      <th>OD280</th>\n",
       "      <th>Proline</th>\n",
       "      <th>Customer_Segment</th>\n",
       "    </tr>\n",
       "  </thead>\n",
       "  <tbody>\n",
       "    <tr>\n",
       "      <th>0</th>\n",
       "      <td>14.23</td>\n",
       "      <td>1.71</td>\n",
       "      <td>2.43</td>\n",
       "      <td>15.6</td>\n",
       "      <td>127</td>\n",
       "      <td>2.80</td>\n",
       "      <td>3.06</td>\n",
       "      <td>0.28</td>\n",
       "      <td>2.29</td>\n",
       "      <td>5.64</td>\n",
       "      <td>1.04</td>\n",
       "      <td>3.92</td>\n",
       "      <td>1065</td>\n",
       "      <td>1</td>\n",
       "    </tr>\n",
       "    <tr>\n",
       "      <th>1</th>\n",
       "      <td>13.20</td>\n",
       "      <td>1.78</td>\n",
       "      <td>2.14</td>\n",
       "      <td>11.2</td>\n",
       "      <td>100</td>\n",
       "      <td>2.65</td>\n",
       "      <td>2.76</td>\n",
       "      <td>0.26</td>\n",
       "      <td>1.28</td>\n",
       "      <td>4.38</td>\n",
       "      <td>1.05</td>\n",
       "      <td>3.40</td>\n",
       "      <td>1050</td>\n",
       "      <td>1</td>\n",
       "    </tr>\n",
       "    <tr>\n",
       "      <th>2</th>\n",
       "      <td>13.16</td>\n",
       "      <td>2.36</td>\n",
       "      <td>2.67</td>\n",
       "      <td>18.6</td>\n",
       "      <td>101</td>\n",
       "      <td>2.80</td>\n",
       "      <td>3.24</td>\n",
       "      <td>0.30</td>\n",
       "      <td>2.81</td>\n",
       "      <td>5.68</td>\n",
       "      <td>1.03</td>\n",
       "      <td>3.17</td>\n",
       "      <td>1185</td>\n",
       "      <td>1</td>\n",
       "    </tr>\n",
       "    <tr>\n",
       "      <th>3</th>\n",
       "      <td>14.37</td>\n",
       "      <td>1.95</td>\n",
       "      <td>2.50</td>\n",
       "      <td>16.8</td>\n",
       "      <td>113</td>\n",
       "      <td>3.85</td>\n",
       "      <td>3.49</td>\n",
       "      <td>0.24</td>\n",
       "      <td>2.18</td>\n",
       "      <td>7.80</td>\n",
       "      <td>0.86</td>\n",
       "      <td>3.45</td>\n",
       "      <td>1480</td>\n",
       "      <td>1</td>\n",
       "    </tr>\n",
       "    <tr>\n",
       "      <th>4</th>\n",
       "      <td>13.24</td>\n",
       "      <td>2.59</td>\n",
       "      <td>2.87</td>\n",
       "      <td>21.0</td>\n",
       "      <td>118</td>\n",
       "      <td>2.80</td>\n",
       "      <td>2.69</td>\n",
       "      <td>0.39</td>\n",
       "      <td>1.82</td>\n",
       "      <td>4.32</td>\n",
       "      <td>1.04</td>\n",
       "      <td>2.93</td>\n",
       "      <td>735</td>\n",
       "      <td>1</td>\n",
       "    </tr>\n",
       "  </tbody>\n",
       "</table>\n",
       "</div>"
      ],
      "text/plain": [
       "   Alcohol  Malic_Acid   Ash  Ash_Alcanity  Magnesium  Total_Phenols  \\\n",
       "0    14.23        1.71  2.43          15.6        127           2.80   \n",
       "1    13.20        1.78  2.14          11.2        100           2.65   \n",
       "2    13.16        2.36  2.67          18.6        101           2.80   \n",
       "3    14.37        1.95  2.50          16.8        113           3.85   \n",
       "4    13.24        2.59  2.87          21.0        118           2.80   \n",
       "\n",
       "   Flavanoids  Nonflavanoid_Phenols  Proanthocyanins  Color_Intensity   Hue  \\\n",
       "0        3.06                  0.28             2.29             5.64  1.04   \n",
       "1        2.76                  0.26             1.28             4.38  1.05   \n",
       "2        3.24                  0.30             2.81             5.68  1.03   \n",
       "3        3.49                  0.24             2.18             7.80  0.86   \n",
       "4        2.69                  0.39             1.82             4.32  1.04   \n",
       "\n",
       "   OD280  Proline  Customer_Segment  \n",
       "0   3.92     1065                 1  \n",
       "1   3.40     1050                 1  \n",
       "2   3.17     1185                 1  \n",
       "3   3.45     1480                 1  \n",
       "4   2.93      735                 1  "
      ]
     },
     "execution_count": 14,
     "metadata": {},
     "output_type": "execute_result"
    }
   ],
   "source": [
    "wine.head()"
   ]
  },
  {
   "cell_type": "code",
   "execution_count": 15,
   "metadata": {},
   "outputs": [
    {
     "name": "stdout",
     "output_type": "stream",
     "text": [
      "<class 'pandas.core.frame.DataFrame'>\n",
      "RangeIndex: 178 entries, 0 to 177\n",
      "Data columns (total 14 columns):\n",
      "Alcohol                 178 non-null float64\n",
      "Malic_Acid              178 non-null float64\n",
      "Ash                     178 non-null float64\n",
      "Ash_Alcanity            178 non-null float64\n",
      "Magnesium               178 non-null int64\n",
      "Total_Phenols           178 non-null float64\n",
      "Flavanoids              178 non-null float64\n",
      "Nonflavanoid_Phenols    178 non-null float64\n",
      "Proanthocyanins         178 non-null float64\n",
      "Color_Intensity         178 non-null float64\n",
      "Hue                     178 non-null float64\n",
      "OD280                   178 non-null float64\n",
      "Proline                 178 non-null int64\n",
      "Customer_Segment        178 non-null int64\n",
      "dtypes: float64(11), int64(3)\n",
      "memory usage: 19.5 KB\n"
     ]
    }
   ],
   "source": [
    "wine.info()"
   ]
  },
  {
   "cell_type": "code",
   "execution_count": 16,
   "metadata": {},
   "outputs": [
    {
     "name": "stderr",
     "output_type": "stream",
     "text": [
      "C:\\ProgramData\\Anaconda3\\lib\\site-packages\\sklearn\\preprocessing\\data.py:645: DataConversionWarning: Data with input dtype int64, float64 were all converted to float64 by StandardScaler.\n",
      "  return self.partial_fit(X, y)\n",
      "C:\\ProgramData\\Anaconda3\\lib\\site-packages\\sklearn\\base.py:464: DataConversionWarning: Data with input dtype int64, float64 were all converted to float64 by StandardScaler.\n",
      "  return self.fit(X, **fit_params).transform(X)\n"
     ]
    }
   ],
   "source": [
    "from sklearn.preprocessing import StandardScaler\n",
    "wine = StandardScaler().fit_transform(wine)"
   ]
  },
  {
   "cell_type": "code",
   "execution_count": 17,
   "metadata": {},
   "outputs": [],
   "source": [
    "mean_vec = np.mean(wine, axis=0)"
   ]
  },
  {
   "cell_type": "code",
   "execution_count": 18,
   "metadata": {},
   "outputs": [],
   "source": [
    "cov_mat = np.cov(wine.T)"
   ]
  },
  {
   "cell_type": "code",
   "execution_count": 21,
   "metadata": {},
   "outputs": [
    {
     "data": {
      "text/plain": [
       "array([[ 1.00564972,  0.09493026,  0.21273976, -0.31198788,  0.27232816,\n",
       "         0.29073446,  0.23815287, -0.15681042,  0.13747022,  0.549451  ,\n",
       "        -0.07215255,  0.07275191,  0.64735687, -0.3300763 ],\n",
       "       [ 0.09493026,  1.00564972,  0.16497228,  0.29013035, -0.05488343,\n",
       "        -0.3370606 , -0.41332866,  0.29463237, -0.22199334,  0.25039204,\n",
       "        -0.56446685, -0.37079354, -0.19309537,  0.44024952],\n",
       "       [ 0.21273976,  0.16497228,  1.00564972,  0.44587209,  0.28820583,\n",
       "         0.12970824,  0.11572743,  0.1872826 ,  0.00970647,  0.2603499 ,\n",
       "        -0.07508874,  0.00393333,  0.22488969, -0.04992369],\n",
       "       [-0.31198788,  0.29013035,  0.44587209,  1.00564972, -0.0838039 ,\n",
       "        -0.32292752, -0.353355  ,  0.36396647, -0.19844168,  0.01883781,\n",
       "        -0.27550299, -0.27833221, -0.44308618,  0.52078487],\n",
       "       [ 0.27232816, -0.05488343,  0.28820583, -0.0838039 ,  1.00564972,\n",
       "         0.21561254,  0.19688989, -0.25774204,  0.23777643,  0.20107967,\n",
       "         0.05571118,  0.06637684,  0.39557317, -0.21036119],\n",
       "       [ 0.29073446, -0.3370606 ,  0.12970824, -0.32292752,  0.21561254,\n",
       "         1.00564972,  0.86944804, -0.45247731,  0.61587304, -0.05544792,\n",
       "         0.43613151,  0.70390388,  0.50092909, -0.72322641],\n",
       "       [ 0.23815287, -0.41332866,  0.11572743, -0.353355  ,  0.19688989,\n",
       "         0.86944804,  1.00564972, -0.54093859,  0.65637929, -0.17335329,\n",
       "         0.54654907,  0.79164133,  0.49698518, -0.85228566],\n",
       "       [-0.15681042,  0.29463237,  0.1872826 ,  0.36396647, -0.25774204,\n",
       "        -0.45247731, -0.54093859,  1.00564972, -0.36791202,  0.13984265,\n",
       "        -0.26412347, -0.50611293, -0.31314443,  0.49187249],\n",
       "       [ 0.13747022, -0.22199334,  0.00970647, -0.19844168,  0.23777643,\n",
       "         0.61587304,  0.65637929, -0.36791202,  1.00564972, -0.02539259,\n",
       "         0.29721399,  0.52199968,  0.33228346, -0.50194977],\n",
       "       [ 0.549451  ,  0.25039204,  0.2603499 ,  0.01883781,  0.20107967,\n",
       "        -0.05544792, -0.17335329,  0.13984265, -0.02539259,  1.00564972,\n",
       "        -0.52476129, -0.43123763,  0.31788599,  0.26716852],\n",
       "       [-0.07215255, -0.56446685, -0.07508874, -0.27550299,  0.05571118,\n",
       "         0.43613151,  0.54654907, -0.26412347,  0.29721399, -0.52476129,\n",
       "         1.00564972,  0.56866303,  0.23751782, -0.62085717],\n",
       "       [ 0.07275191, -0.37079354,  0.00393333, -0.27833221,  0.06637684,\n",
       "         0.70390388,  0.79164133, -0.50611293,  0.52199968, -0.43123763,\n",
       "         0.56866303,  1.00564972,  0.31452809, -0.79268286],\n",
       "       [ 0.64735687, -0.19309537,  0.22488969, -0.44308618,  0.39557317,\n",
       "         0.50092909,  0.49698518, -0.31314443,  0.33228346,  0.31788599,\n",
       "         0.23751782,  0.31452809,  1.00564972, -0.63729711],\n",
       "       [-0.3300763 ,  0.44024952, -0.04992369,  0.52078487, -0.21036119,\n",
       "        -0.72322641, -0.85228566,  0.49187249, -0.50194977,  0.26716852,\n",
       "        -0.62085717, -0.79268286, -0.63729711,  1.00564972]])"
      ]
     },
     "execution_count": 21,
     "metadata": {},
     "output_type": "execute_result"
    }
   ],
   "source": [
    "cov_mat"
   ]
  },
  {
   "cell_type": "code",
   "execution_count": 22,
   "metadata": {},
   "outputs": [],
   "source": [
    "eig_vals, eig_vecs = np.linalg.eig(cov_mat)"
   ]
  },
  {
   "cell_type": "code",
   "execution_count": 24,
   "metadata": {},
   "outputs": [
    {
     "data": {
      "text/plain": [
       "array([5.56722458, 2.51118402, 1.45424413, 0.9331603 , 0.88246016,\n",
       "       0.67657935, 0.55692777, 0.05813894, 0.35201176, 0.13029618,\n",
       "       0.16975037, 0.29620602, 0.2271244 , 0.26378805])"
      ]
     },
     "execution_count": 24,
     "metadata": {},
     "output_type": "execute_result"
    }
   ],
   "source": [
    "eig_vals"
   ]
  },
  {
   "cell_type": "code",
   "execution_count": 25,
   "metadata": {},
   "outputs": [],
   "source": [
    "eig_pairs = [(np.abs(eig_vals[i]), eig_vecs[:,i]) for i in range(len(eig_vals))]"
   ]
  },
  {
   "cell_type": "code",
   "execution_count": 26,
   "metadata": {},
   "outputs": [
    {
     "data": {
      "text/plain": [
       "[(5.567224581550709,\n",
       "  array([-0.13632501,  0.22267638, -0.00225793,  0.22429849, -0.12463016,\n",
       "         -0.35926404, -0.39071171,  0.2670012 , -0.2790625 ,  0.08931829,\n",
       "         -0.27682265, -0.35052618, -0.26951525,  0.39366953])),\n",
       " (2.511184022569786,\n",
       "  array([-0.48416087, -0.22359095, -0.31585588,  0.01161574, -0.30055143,\n",
       "         -0.06711983,  0.00131345, -0.0269887 , -0.04122256, -0.52978274,\n",
       "          0.27790735,  0.16277625, -0.36605886, -0.00569041])),\n",
       " (1.4542441334626712,\n",
       "  array([ 0.20740081, -0.08879606, -0.62610236, -0.6119896 , -0.13098458,\n",
       "         -0.14650775, -0.15096275, -0.16997551, -0.14987959,  0.1372663 ,\n",
       "         -0.08532854, -0.16620436,  0.12668685, -0.00121795])),\n",
       " (0.9331603017536697,\n",
       "  array([ 0.08191848, -0.46988824,  0.24984122, -0.07199322,  0.16321412,\n",
       "         -0.19098521, -0.14461667,  0.32801272, -0.46275771, -0.07211248,\n",
       "          0.43466618, -0.15672341,  0.2557949 , -0.12246373])),\n",
       " (0.8824601592424326,\n",
       "  array([ 0.25089415,  0.18860015,  0.0935236 , -0.0465675 , -0.77833048,\n",
       "          0.14466563,  0.11200553,  0.43257916, -0.0915882 ,  0.0462696 ,\n",
       "          0.02986657,  0.14419358,  0.08440794, -0.15758395])),\n",
       " (0.6765793484551956,\n",
       "  array([ 0.13517139,  0.59841948,  0.10799983, -0.08811224,  0.14483831,\n",
       "         -0.14809748, -0.06247252, -0.25868639, -0.46627764, -0.42525454,\n",
       "          0.01565089,  0.21770365,  0.0665655 , -0.20033864])),\n",
       " (0.5569277656193111,\n",
       "  array([ 0.09269887, -0.3743698 ,  0.16708856,  0.26872469, -0.32957951,\n",
       "          0.03789829,  0.06773223, -0.61111195, -0.42292282,  0.18613617,\n",
       "         -0.19204101,  0.0785098 , -0.0542037 ,  0.05938234])),\n",
       " (0.05813894391468329,\n",
       "  array([-0.09062605,  0.02522531,  0.00163582,  0.09536107, -0.02230075,\n",
       "          0.25303779, -0.60190917, -0.08223093,  0.05864198,  0.17882114,\n",
       "          0.02258256, -0.13509216, -0.21604362, -0.66904528])),\n",
       " (0.3520117642105308,\n",
       "  array([ 0.42154435,  0.08757556, -0.17208034,  0.41324857, -0.14881189,\n",
       "         -0.36343884, -0.175405  , -0.23075135,  0.3437392 , -0.04069617,\n",
       "          0.48362564, -0.06865116,  0.11146671,  0.07179553])),\n",
       " (0.13029617973924282,\n",
       "  array([-0.05610645,  0.06675544, -0.19201787,  0.20007784,  0.05829909,\n",
       "         -0.35952714,  0.59834288,  0.06403952, -0.11013538,  0.15917751,\n",
       "         -0.04923091, -0.32941979, -0.17322892, -0.49224318])),\n",
       " (0.16975036914276112,\n",
       "  array([-0.26411262,  0.1192121 , -0.04502305, -0.06131271,  0.06116074,\n",
       "         -0.30087591, -0.05001396,  0.04266558, -0.09334264,  0.59795428,\n",
       "          0.25774292,  0.61109218, -0.07268036,  0.01575769])),\n",
       " (0.2962060201576629,\n",
       "  array([-0.45019071, -0.00602569,  0.26249446, -0.11863342, -0.25253628,\n",
       "         -0.40637354, -0.09091933, -0.15912282,  0.26578679, -0.07526459,\n",
       "         -0.21241681, -0.08426484,  0.54490539, -0.16236882])),\n",
       " (0.22712440110756837,\n",
       "  array([-0.22154641,  0.06839251, -0.49452428,  0.47461722,  0.07119731,\n",
       "          0.29740957, -0.03219187,  0.12200984, -0.23292405,  0.01972448,\n",
       "         -0.06140493,  0.06646166,  0.55130818,  0.01444169])),\n",
       " (0.26378805427152374,\n",
       "  array([-0.31127983,  0.32592413,  0.12452347, -0.15716811, -0.12773363,\n",
       "          0.30772263,  0.14044   , -0.24054263, -0.10869629,  0.21704255,\n",
       "          0.50966073, -0.45570504,  0.04620802,  0.19899373]))]"
      ]
     },
     "execution_count": 26,
     "metadata": {},
     "output_type": "execute_result"
    }
   ],
   "source": [
    "eig_pairs"
   ]
  },
  {
   "cell_type": "code",
   "execution_count": 27,
   "metadata": {},
   "outputs": [],
   "source": [
    "eig_pairs.sort(key=lambda x: x[0], reverse=True)"
   ]
  },
  {
   "cell_type": "code",
   "execution_count": 28,
   "metadata": {},
   "outputs": [
    {
     "data": {
      "text/plain": [
       "[(5.567224581550709,\n",
       "  array([-0.13632501,  0.22267638, -0.00225793,  0.22429849, -0.12463016,\n",
       "         -0.35926404, -0.39071171,  0.2670012 , -0.2790625 ,  0.08931829,\n",
       "         -0.27682265, -0.35052618, -0.26951525,  0.39366953])),\n",
       " (2.511184022569786,\n",
       "  array([-0.48416087, -0.22359095, -0.31585588,  0.01161574, -0.30055143,\n",
       "         -0.06711983,  0.00131345, -0.0269887 , -0.04122256, -0.52978274,\n",
       "          0.27790735,  0.16277625, -0.36605886, -0.00569041])),\n",
       " (1.4542441334626712,\n",
       "  array([ 0.20740081, -0.08879606, -0.62610236, -0.6119896 , -0.13098458,\n",
       "         -0.14650775, -0.15096275, -0.16997551, -0.14987959,  0.1372663 ,\n",
       "         -0.08532854, -0.16620436,  0.12668685, -0.00121795])),\n",
       " (0.9331603017536697,\n",
       "  array([ 0.08191848, -0.46988824,  0.24984122, -0.07199322,  0.16321412,\n",
       "         -0.19098521, -0.14461667,  0.32801272, -0.46275771, -0.07211248,\n",
       "          0.43466618, -0.15672341,  0.2557949 , -0.12246373])),\n",
       " (0.8824601592424326,\n",
       "  array([ 0.25089415,  0.18860015,  0.0935236 , -0.0465675 , -0.77833048,\n",
       "          0.14466563,  0.11200553,  0.43257916, -0.0915882 ,  0.0462696 ,\n",
       "          0.02986657,  0.14419358,  0.08440794, -0.15758395])),\n",
       " (0.6765793484551956,\n",
       "  array([ 0.13517139,  0.59841948,  0.10799983, -0.08811224,  0.14483831,\n",
       "         -0.14809748, -0.06247252, -0.25868639, -0.46627764, -0.42525454,\n",
       "          0.01565089,  0.21770365,  0.0665655 , -0.20033864])),\n",
       " (0.5569277656193111,\n",
       "  array([ 0.09269887, -0.3743698 ,  0.16708856,  0.26872469, -0.32957951,\n",
       "          0.03789829,  0.06773223, -0.61111195, -0.42292282,  0.18613617,\n",
       "         -0.19204101,  0.0785098 , -0.0542037 ,  0.05938234])),\n",
       " (0.3520117642105308,\n",
       "  array([ 0.42154435,  0.08757556, -0.17208034,  0.41324857, -0.14881189,\n",
       "         -0.36343884, -0.175405  , -0.23075135,  0.3437392 , -0.04069617,\n",
       "          0.48362564, -0.06865116,  0.11146671,  0.07179553])),\n",
       " (0.2962060201576629,\n",
       "  array([-0.45019071, -0.00602569,  0.26249446, -0.11863342, -0.25253628,\n",
       "         -0.40637354, -0.09091933, -0.15912282,  0.26578679, -0.07526459,\n",
       "         -0.21241681, -0.08426484,  0.54490539, -0.16236882])),\n",
       " (0.26378805427152374,\n",
       "  array([-0.31127983,  0.32592413,  0.12452347, -0.15716811, -0.12773363,\n",
       "          0.30772263,  0.14044   , -0.24054263, -0.10869629,  0.21704255,\n",
       "          0.50966073, -0.45570504,  0.04620802,  0.19899373])),\n",
       " (0.22712440110756837,\n",
       "  array([-0.22154641,  0.06839251, -0.49452428,  0.47461722,  0.07119731,\n",
       "          0.29740957, -0.03219187,  0.12200984, -0.23292405,  0.01972448,\n",
       "         -0.06140493,  0.06646166,  0.55130818,  0.01444169])),\n",
       " (0.16975036914276112,\n",
       "  array([-0.26411262,  0.1192121 , -0.04502305, -0.06131271,  0.06116074,\n",
       "         -0.30087591, -0.05001396,  0.04266558, -0.09334264,  0.59795428,\n",
       "          0.25774292,  0.61109218, -0.07268036,  0.01575769])),\n",
       " (0.13029617973924282,\n",
       "  array([-0.05610645,  0.06675544, -0.19201787,  0.20007784,  0.05829909,\n",
       "         -0.35952714,  0.59834288,  0.06403952, -0.11013538,  0.15917751,\n",
       "         -0.04923091, -0.32941979, -0.17322892, -0.49224318])),\n",
       " (0.05813894391468329,\n",
       "  array([-0.09062605,  0.02522531,  0.00163582,  0.09536107, -0.02230075,\n",
       "          0.25303779, -0.60190917, -0.08223093,  0.05864198,  0.17882114,\n",
       "          0.02258256, -0.13509216, -0.21604362, -0.66904528]))]"
      ]
     },
     "execution_count": 28,
     "metadata": {},
     "output_type": "execute_result"
    }
   ],
   "source": [
    "eig_pairs"
   ]
  },
  {
   "cell_type": "code",
   "execution_count": 29,
   "metadata": {},
   "outputs": [],
   "source": [
    "exp_var_percentage = 0.97 "
   ]
  },
  {
   "cell_type": "code",
   "execution_count": 30,
   "metadata": {},
   "outputs": [],
   "source": [
    "tot = sum(eig_vals)"
   ]
  },
  {
   "cell_type": "code",
   "execution_count": 31,
   "metadata": {},
   "outputs": [],
   "source": [
    "var_exp = [(i / tot)*100 for i in sorted(eig_vals, reverse=True)]\n",
    "cum_var_exp = np.cumsum(var_exp)"
   ]
  },
  {
   "cell_type": "code",
   "execution_count": 32,
   "metadata": {},
   "outputs": [],
   "source": [
    "num_vec_to_keep = 0"
   ]
  },
  {
   "cell_type": "code",
   "execution_count": 34,
   "metadata": {},
   "outputs": [],
   "source": [
    "for index, percentage in enumerate(cum_var_exp):\n",
    "    if percentage > exp_var_percentage:\n",
    "        num_vec_to_keep = index + 1\n",
    "        break"
   ]
  },
  {
   "cell_type": "code",
   "execution_count": 35,
   "metadata": {},
   "outputs": [],
   "source": [
    "num_features = wine.shape[1]"
   ]
  },
  {
   "cell_type": "code",
   "execution_count": 36,
   "metadata": {},
   "outputs": [],
   "source": [
    "proj_mat = eig_pairs[0][1].reshape(num_features,1)"
   ]
  },
  {
   "cell_type": "code",
   "execution_count": 37,
   "metadata": {},
   "outputs": [],
   "source": [
    "for eig_vec_idx in range(1, num_vec_to_keep):\n",
    "    proj_mat = np.hstack((proj_mat, eig_pairs[eig_vec_idx][1].reshape(num_features,1)))\n"
   ]
  },
  {
   "cell_type": "code",
   "execution_count": 38,
   "metadata": {},
   "outputs": [],
   "source": [
    "pca_data = wine.dot(proj_mat)"
   ]
  },
  {
   "cell_type": "code",
   "execution_count": null,
   "metadata": {},
   "outputs": [],
   "source": []
  },
  {
   "cell_type": "code",
   "execution_count": null,
   "metadata": {},
   "outputs": [],
   "source": []
  }
 ],
 "metadata": {
  "kernelspec": {
   "display_name": "Python 3",
   "language": "python",
   "name": "python3"
  },
  "language_info": {
   "codemirror_mode": {
    "name": "ipython",
    "version": 3
   },
   "file_extension": ".py",
   "mimetype": "text/x-python",
   "name": "python",
   "nbconvert_exporter": "python",
   "pygments_lexer": "ipython3",
   "version": "3.7.3"
  }
 },
 "nbformat": 4,
 "nbformat_minor": 2
}
